%%MatrixMarket vector coordinate real general
351
1   6.09171026149274517231e-03
2  -2.22730538937608357536e-04
3  -1.31575013631555041982e-02
4  -2.02224163650620361588e-02
5   5.09640529132256714373e-02
6   2.04224055773638205188e-04
7   2.39273246233503511862e-03
8   8.74884031449065229392e-05
9   7.15566097273541510543e-03
10   6.72276038154688906912e-04
11  -3.25135493164939817258e-04
12   6.70204622926098706262e-04
13   5.24523534509733937829e-04
14   1.05141668752651348123e-03
15  -5.16055222862308593523e-02
16   3.29845393098077144245e-03
17  -2.29099426101593006688e-02
18  -1.02567183977468116243e-04
19   4.57643802047481254754e-04
20  -3.97204313934790970153e-02
21   1.68893962117635165407e-03
22  -1.22923653626763813070e-04
23  -1.06597587108718706720e-04
24  -2.30708311909257605303e-04
25  -4.10163019644850317894e-04
26  -9.35489374159669852260e-03
27   1.73166746609864480831e-03
28  -8.05396251016079860185e-03
29   2.26908154329933092058e-03
30   8.81275066481620414924e-05
31  -3.65779097129540625710e-02
32   6.15899339796410622005e-02
33  -4.18750856590812542413e-03
34  -2.40350525688881495878e-02
35   7.76065111960571358694e-06
36   5.20510657566594092671e-02
37   1.33569948554210313901e-02
38  -1.03820699343570327366e-01
39  -1.62983280194112657279e-04
40  -2.16163664281254823624e-04
41  -5.96855235536495557641e-04
42  -1.44913046283590089131e-02
43   9.72375295256255899913e-04
44  -1.69809439508399306331e-04
45   2.09913836653286825160e-03
46   1.43170922380587914424e-02
47   2.35344496259449163789e-03
48   8.29197424068396009116e-05
49   2.05750356020012329164e-03
50   7.44263141963374535992e-02
51   2.44057786643934277945e-03
52  -1.11553572770923554308e-02
53   4.25037915164880525983e-04
54   2.29001143998824908954e-02
55   2.29672700970822481897e-03
56   1.01878221310704414164e-03
57   5.28386719487015793506e-02
58   1.26898907339013087593e-03
59  -6.44343516240420077779e-01
60   1.31530742511235128854e-03
61   6.78927020151532637122e-04
62  -1.01033107870737476515e-03
63  -5.94605947900342992349e-05
64   2.76610486465422378624e-03
65   1.20955165964525927780e-02
66  -1.01275015931900870189e-03
67   8.37370612013552508349e-05
68   3.32439090189781075863e-03
69   3.39788949060272280067e-03
70  -2.18260323766818301354e-04
71   1.43376475051868769450e-02
72  -2.12422752320693790373e-02
73   5.25990496136958174053e-04
74  -1.10073724145002150437e-03
75  -8.61744080992862219060e-05
76  -1.06459362276014964555e-04
77   2.33236346460988575101e-05
78   1.08544521174070117409e-02
79   7.24190847143966185719e-04
80  -4.08441532890378310085e-04
81  -1.79189321903112735133e-03
82   2.24597117461753205750e-03
83  -6.71214292154232172738e-02
84   7.75843008901152945446e-04
85   2.63411841937604904174e-03
86  -1.23857753075645141312e-03
87   4.61476979296523870389e-01
88  -1.84571054799851741283e-03
89   1.07553905507360610116e-02
90   1.33370166223092338070e-03
91  -7.62541531963440897234e-04
92  -1.65263018297919124511e-03
93  -1.29776218477665474492e-03
94   1.22678645022547966326e-02
95  -2.00651588566011576664e-02
96   2.64027346255144837114e-03
97   1.00159913483499466748e-03
98  -1.89470751634316161849e-02
99   7.30818792126261638359e-03
100  -1.78390666323015876019e-03
101  -1.14101733231764348488e-03
102   2.01057964064232409795e-03
103   1.40566639764616195182e-03
104  -2.51638501864343208658e-02
105   1.01799105103375694265e-02
106  -6.46899063512131142911e-04
107   2.73100401501270547214e-03
108  -1.12130616514692746551e-03
109  -7.96337687431813881327e-04
110  -2.16216332177778056828e-03
111   3.04602224255557546030e-04
112  -6.96119057363526181660e-04
113   5.59207118214519530164e-03
114   6.56953725993410786455e-02
115   3.87287986915741330729e-02
116  -3.68706105699161748590e-02
117  -2.88356963951295289933e-03
118  -2.24131446328466009399e-03
119   1.81538892755694599226e-03
120   8.37642827240010490186e-02
121   3.28566637061492722305e-02
122   2.42457475089402733903e-02
123  -8.00906234284079325027e-04
124   9.89294068543323027159e-05
125   1.44746661705509626402e-04
126  -3.06915840225386769239e-04
127   7.84107871736822842866e-04
128  -1.86855551491276999920e-01
129   7.04575583587265241725e-02
130  -1.08046423704756837034e-03
131  -1.69348012277756288478e-03
132   1.18113455546634864225e-04
133  -2.02906015494885069023e-03
134   9.53094740654099065874e-04
135   4.69797734416864984190e-04
136   8.27590914696957075797e-05
137  -1.45782816713841572621e-03
138  -1.11044912985962915979e-04
139   3.46879727201469464926e-02
140   1.78414553176846103766e-02
141  -5.74282355085250356685e-03
142   1.46646570731831602658e-03
143   1.12769871037102994982e-02
144   1.61903783592807224215e-03
145   1.15204918775135105313e-02
146  -6.87395014897142636601e-02
147  -1.87190795228752149271e-02
148   7.20440120284880180894e-04
149  -1.46879254573170029557e-03
150   1.81183459164388954753e-04
151  -2.78777494298539834164e-03
152  -6.14163387381992838254e-05
153   2.70825065780533618016e-04
154  -5.47149184137513588857e-05
155  -8.60012327090067946189e-02
156   3.98954199741565363607e-03
157   3.20697276580980596833e-03
158  -2.67345961132785872594e-02
159   8.49346366001436405002e-03
160   1.14440089330559990888e-01
161   7.93408658426518476059e-02
162   3.55462510418563337831e-04
163  -7.72910405783670795797e-04
164  -1.33519089758359944808e-04
165   5.47421349236222251622e-03
166   1.18002055433260814171e-02
167   4.22959210348338723266e-04
168  -1.98896397515334452579e-04
169   4.99052166080859050529e-03
170  -7.99313612640252524333e-03
171   5.90861415047236305208e-04
172  -1.77271264137174901221e-02
173  -2.56878714311241547474e-03
174  -5.19982644747105961225e-04
175   1.16869618943957337409e-02
176  -3.97529536867561525404e-02
177  -1.86745055005428824135e-03
178  -3.62383472046888047147e-02
179  -2.15291458727715732946e-02
180   1.43023655527368715075e-03
181   1.77840912991079685632e-03
182   2.30232984500347154233e-02
183  -1.86518080196646559438e-03
184   5.04975195821403643852e-04
185   4.18391044530425516151e-03
186  -3.42876909611695354640e-02
187   8.68079184834104952001e-04
188  -6.88754959756921370136e-04
189  -2.91627482830887933482e-03
190   4.25676317823039853522e-03
191  -4.31046675625827940912e-04
192   4.01638590894976346690e-02
193   2.52151998062521509689e-04
194   9.51583696093502595138e-04
195  -2.87978468031408396319e-03
196   4.74551989711129474660e-05
197  -3.39441878915334527625e-03
198  -9.20235339268839978551e-05
199  -1.04125700592543903554e-03
200   1.88472687618515761035e-03
201   1.38470690232002195674e-03
202  -2.35800053445487552140e-02
203  -9.15363354994064015724e-02
204  -1.62129612668123206272e-03
205  -1.60382746825755355229e-03
206  -1.21204577880404157537e-03
207  -6.25001267080392552966e-04
208   1.33106925056945108420e-03
209  -3.17289596105671610048e-05
210  -5.05841856886838107596e-04
211  -1.20873843574176970637e-03
212  -2.49700613132372670634e-04
213  -1.35546628388665435939e-04
214   1.59636318455641211533e-02
215  -1.07426994696679847102e-03
216  -2.30809410937993534849e-03
217   3.78614982881052691832e-02
218   2.03988111332357047872e-03
219   1.77900164900889334874e-02
220  -1.41618253240897856715e-01
221   5.53478137285437141180e-03
222   5.76009833675011559406e-02
223  -3.62406110459950986206e-04
224   6.70708438897685233979e-04
225   1.33718531852397050363e-03
226   6.40144328930883550234e-04
227   1.07489067584308178871e-01
228  -1.16555906759675006849e-03
229   8.20376028870345580524e-02
230   1.03499501696291407171e-03
231   1.10558901444687807634e-03
232   8.39084440240310362735e-03
233  -3.24783912971482874310e-02
234   7.71599065784899862744e-04
235  -4.65302119504946531774e-04
236  -1.38887361366133777786e-03
237   2.91458262095869863328e-02
238  -1.06438897661144147113e-04
239   6.33992114433438850619e-04
240   3.51016445599940760412e-06
241   3.41996642428493713168e-04
242  -2.21672271598380221181e-04
243   6.00353794469352043846e-04
244  -7.96474727851130255649e-05
245   4.84176000111286551630e-03
246  -5.47402184877318273570e-02
247  -6.25794303473228008539e-02
248   1.63973545689059752029e-01
249   1.62902015362299396051e-02
250  -6.61431172747965201442e-02
251  -3.05912277066986634799e-02
252   1.03706668929571827614e-02
253   2.40254633860320589069e-04
254   1.16415558522660399048e-03
255   3.24728341252237791628e-03
256  -2.70677704157037306645e-03
257   8.59727564125393195482e-02
258   1.40848254827955932100e-01
259   3.34569803876611816806e-04
260  -7.39653520374033252808e-05
261   1.15029315441737035874e-02
262   2.90722004887833439593e-03
263   3.32567523962977256401e-04
264  -3.33360263888409034255e-03
265  -6.97831196576439161117e-02
266  -1.16584177766056694414e-03
267   3.77300743844342332005e-05
268  -3.09336756935726410467e-03
269  -3.50836056132392990967e-04
270   3.20622438110570173730e-02
271   2.28434452716565748222e-04
272  -2.91106346893788807547e-05
273   9.56147166281224539924e-04
274   2.80701157128347396699e-03
275  -1.30084927704038788576e-01
276  -2.97157727382023201246e-02
277  -2.41665493512199921686e-04
278   4.01664621418891532034e-04
279  -9.12893975323160120072e-03
280  -2.42683320159532839311e-02
281   5.25250100219256180201e-03
282  -3.88871070943756867028e-03
283  -1.12944936695886094524e-02
284  -5.62969273791418672870e-02
285   1.69433729373024972824e-03
286   1.17674936243968401850e-02
287  -3.84703508046815194962e-04
288  -8.13145046001705843614e-04
289   4.44912347236165871701e-04
290   4.59177404836372815566e-02
291   3.67563224034624796976e-02
292   4.63186508326337773034e-03
293   5.50567389725679641292e-04
294   2.50238298050637622202e-03
295  -4.32321654097414347084e-03
296   3.39914129228089463737e-04
297   5.30713083816083779076e-04
298   5.23459763139460469011e-04
299   4.67132768066132869882e-04
300  -5.01914081496369663023e-04
301   6.93499172276091702984e-04
302  -1.33028735077078208784e-03
303   4.70811903422082983495e-02
304  -4.99554215825515970928e-02
305  -4.50958847101911349930e-04
306   1.99000728274139910418e-03
307  -2.60682351262430690979e-04
308   2.64182798518257247813e-03
309  -5.22318142517938337199e-04
310  -8.54836278495158235352e-04
311   6.24540573299929568929e-02
312  -1.18116114269562269556e-02
313   1.68878991896091452778e-03
314   1.18235301382382533195e-04
315  -2.85161756708108963566e-04
316   2.08383090191453053050e-03
317  -3.99974703504270834298e-02
318  -9.41180590223835339446e-05
319  -2.27862519958535979236e-03
320  -9.33594982356135937029e-04
321   5.04635168812000226013e-02
322  -9.74121434278985541284e-05
323   1.80932600246502730407e-03
324  -1.20386159901178665076e-03
325  -9.13183481702311596051e-03
326  -4.10831750324944580677e-02
327   2.78447721627991893328e-03
328   2.89308297300077245460e-04
329  -2.90891290317175183963e-04
330  -9.17845009023601722444e-05
331  -3.26735707392700018559e-03
332   3.82751781154071777161e-03
333  -2.77988605186340340461e-04
334   2.82160655931292907173e-02
335  -4.18406485932188848542e-02
336   2.83440216527235493149e-02
337  -5.07722195072208247468e-03
338   1.47221162912497321659e-03
339  -8.41935147860203986214e-02
340  -8.31052509457023969031e-04
341   4.83686847317892217816e-04
342  -2.58174986615919551877e-03
343  -1.36811244426041696970e-03
344  -6.20704075505311447282e-05
345  -1.10528929030373646025e-01
346  -3.22084391262613452950e-03
347   3.98726674589905600611e-04
348   1.98306276526488328704e-01
349  -9.30773117353132285225e-04
350   1.21024132320276178384e-03
351   2.76197921613467387014e-03
