1.000000e+00
3.613627e-04
1.738453e-04
1.055484e-04
7.442587e-05
5.752462e-05
4.722292e-05
4.047512e-05
3.584426e-05
3.255731e-05
3.015891e-05
2.836544e-05
2.699455e-05
2.592676e-05
2.508271e-05
2.440898e-05
2.386911e-05
2.343784e-05
2.309732e-05
2.283465e-05
2.264032e-05
2.250710e-05
2.242939e-05
2.240267e-05
2.242327e-05
2.248812e-05
2.259457e-05
2.274036e-05
2.292350e-05
2.314224e-05
2.339502e-05
2.368048e-05
2.399740e-05
2.434471e-05
2.472149e-05
2.512690e-05
2.556027e-05
2.602100e-05
2.650860e-05
2.702268e-05
2.756294e-05
2.812916e-05
2.872121e-05
2.933902e-05
2.998261e-05
3.065205e-05
3.134750e-05
3.206916e-05
3.281730e-05
3.359226e-05
3.439442e-05
3.522421e-05
3.608212e-05
3.696871e-05
3.788456e-05
3.883032e-05
3.980668e-05
4.081440e-05
4.185426e-05
4.292710e-05
4.403383e-05
4.517537e-05
4.635273e-05
4.756696e-05
4.881914e-05
5.011043e-05
5.144204e-05
5.281523e-05
5.423131e-05
5.569166e-05
5.719772e-05
5.875098e-05
6.035302e-05
6.200546e-05
6.370998e-05
6.546838e-05
6.728247e-05
6.915418e-05
7.108549e-05
7.307849e-05
7.513532e-05
7.725823e-05
7.944956e-05
8.171171e-05
8.404723e-05
8.645872e-05
8.894891e-05
9.152063e-05
9.417684e-05
9.692057e-05
9.975502e-05
1.026835e-04
1.057094e-04
1.088363e-04
1.120680e-04
1.154082e-04
1.188610e-04
1.224306e-04
1.261211e-04
1.299373e-04
1.338836e-04
1.379650e-04
1.421865e-04
1.465532e-04
1.510707e-04
1.557446e-04
1.605807e-04
1.655852e-04
1.707643e-04
1.761246e-04
1.816730e-04
1.874165e-04
1.933625e-04
1.995186e-04
2.058928e-04
2.124934e-04
2.193288e-04
2.264081e-04
2.337404e-04
2.413353e-04
2.492029e-04
2.573534e-04
2.657976e-04
2.745468e-04
2.836125e-04
2.930067e-04
3.027419e-04
3.128313e-04
3.232881e-04
3.341266e-04
3.453612e-04
3.570070e-04
3.690798e-04
3.815958e-04
3.945720e-04
4.080259e-04
4.219759e-04
4.364409e-04
4.514405e-04
4.669953e-04
4.831264e-04
4.998559e-04
5.172068e-04
5.352027e-04
5.538684e-04
5.732295e-04
5.933128e-04
6.141457e-04
6.357570e-04
6.581766e-04
6.814355e-04
7.055657e-04
7.306007e-04
7.565751e-04
7.835250e-04
8.114877e-04
8.405022e-04
8.706086e-04
9.018489e-04
9.342666e-04
9.679068e-04
1.002816e-03
1.039044e-03
1.076640e-03
1.115658e-03
1.156151e-03
1.198176e-03
1.241793e-03
1.287061e-03
1.334045e-03
1.382811e-03
1.433426e-03
1.485962e-03
1.540492e-03
1.597093e-03
1.655845e-03
1.716830e-03
1.780133e-03
1.845844e-03
1.914056e-03
1.984863e-03
2.058366e-03
2.134669e-03
2.213879e-03
2.296106e-03
2.381468e-03
2.470085e-03
2.562082e-03
2.657588e-03
2.756738e-03
2.859672e-03
2.966536e-03
3.077481e-03
3.192662e-03
3.312244e-03
3.436394e-03
3.565289e-03
3.699111e-03
3.838048e-03
3.982298e-03
4.132065e-03
4.287560e-03
4.449003e-03
4.616624e-03
4.790659e-03
4.971355e-03
5.158969e-03
5.353764e-03
5.556019e-03
5.766018e-03
5.984061e-03
6.210455e-03
6.445523e-03
6.689596e-03
6.943022e-03
7.206160e-03
7.479383e-03
7.763079e-03
8.057650e-03
8.363515e-03
8.681107e-03
9.010877e-03
9.353294e-03
9.708843e-03
1.007803e-02
1.046138e-02
1.085943e-02
1.127276e-02
1.170195e-02
1.214760e-02
1.261036e-02
1.309088e-02
1.358984e-02
1.410796e-02
1.464596e-02
1.520462e-02
1.578473e-02
1.638712e-02
1.701263e-02
1.766217e-02
1.833666e-02
1.903705e-02
1.976435e-02
2.051959e-02
2.130385e-02
2.211824e-02
2.296392e-02
2.384211e-02
2.475405e-02
2.570104e-02
2.668445e-02
2.770566e-02
2.876614e-02
2.986740e-02
3.101102e-02
3.219863e-02
3.343193e-02
3.471269e-02
3.604274e-02
3.742399e-02
3.885841e-02
4.034807e-02
4.189510e-02
4.350172e-02
4.517025e-02
4.690309e-02
4.870273e-02
5.057177e-02
5.251290e-02
5.452894e-02
5.662279e-02
5.879750e-02
6.105621e-02
6.340221e-02
6.583892e-02
6.836989e-02
7.099881e-02
7.372954e-02
7.656608e-02
7.951261e-02
8.257347e-02
8.575319e-02
8.905648e-02
9.248826e-02
9.605366e-02
9.975801e-02
1.036069e-01
1.076061e-01
1.117618e-01
1.160802e-01
1.205680e-01
1.252321e-01
1.300797e-01
1.351185e-01
1.403563e-01
1.458015e-01
1.514627e-01
1.573490e-01
1.634702e-01
1.698361e-01
1.764574e-01
1.833452e-01
1.905112e-01
1.979677e-01
2.057277e-01
2.138051e-01
2.222143e-01
2.309706e-01
2.400905e-01
2.495912e-01
2.594911e-01
2.698098e-01
2.805680e-01
2.917882e-01
3.034941e-01
3.157112e-01
3.284669e-01
3.417907e-01
3.557144e-01
3.702722e-01
3.855012e-01
4.014417e-01
4.181375e-01
4.356363e-01
4.539903e-01
4.732565e-01
4.934979e-01
5.147837e-01
5.371904e-01
5.608029e-01
5.857157e-01
6.120342e-01
6.398766e-01
6.693758e-01
7.006821e-01
7.339654e-01
7.694199e-01
8.072673e-01
8.477628e-01
8.912014e-01
9.379261e-01
9.883379e-01
1.042909e+00
1.102200e+00
1.166879e+00
1.237752e+00
1.315799e+00
1.402221e+00
1.498514e+00
1.606553e+00
1.728731e+00
1.868146e+00
2.028881e+00
2.216431e+00
2.438364e+00
2.705412e+00
3.033302e+00
3.446056e+00
3.982277e+00
4.708198e+00
5.747772e+00
7.363078e+00
1.022096e+01
1.666595e+01
4.493942e+01
6.465486e+01
1.879422e+01
1.098601e+01
7.753642e+00
5.984363e+00
4.866875e+00
4.096149e+00
3.531815e+00
3.100271e+00
2.759202e+00
2.482556e+00
2.253413e+00
2.060310e+00
1.895206e+00
1.752290e+00
1.627263e+00
1.516873e+00
1.418618e+00
1.330539e+00
1.251080e+00
1.178994e+00
1.113263e+00
1.053055e+00
9.976774e-01
9.465531e-01
8.991952e-01
8.551910e-01
8.141877e-01
7.758824e-01
7.400133e-01
7.063531e-01
6.747030e-01
6.448889e-01
6.167574e-01
5.901725e-01
5.650137e-01
5.411732e-01
5.185549e-01
4.970721e-01
4.766469e-01
4.572089e-01
4.386941e-01
4.210443e-01
4.042067e-01
3.881326e-01
3.727777e-01
3.581010e-01
3.440650e-01
3.306348e-01
3.177783e-01
3.054657e-01
2.936690e-01
2.823626e-01
2.715224e-01
2.611256e-01
2.511514e-01
2.415798e-01
2.323923e-01
2.235714e-01
2.151006e-01
2.069644e-01
1.991480e-01
1.916377e-01
1.844203e-01
1.774832e-01
1.708148e-01
1.644037e-01
1.582393e-01
1.523115e-01
1.466106e-01
1.411274e-01
1.358531e-01
1.307793e-01
1.258982e-01
1.212019e-01
1.166832e-01
1.123352e-01
1.081512e-01
1.041247e-01
1.002496e-01
9.652021e-02
9.293074e-02
8.947586e-02
8.615040e-02
8.294941e-02
7.986814e-02
7.690202e-02
7.404668e-02
7.129791e-02
6.865168e-02
6.610411e-02
6.365147e-02
6.129018e-02
5.901680e-02
5.682803e-02
5.472069e-02
5.269171e-02
5.073817e-02
4.885724e-02
4.704619e-02
4.530242e-02
4.362340e-02
4.200673e-02
4.045007e-02
3.895119e-02
3.750794e-02
3.611823e-02
3.478007e-02
3.349155e-02
3.225082e-02
3.105610e-02
2.990568e-02
2.879791e-02
2.773120e-02
2.670404e-02
2.571495e-02
2.476252e-02
2.384538e-02
2.296224e-02
2.211181e-02
2.129290e-02
2.050433e-02
1.974498e-02
1.901375e-02
1.830962e-02
1.763157e-02
1.697864e-02
1.634990e-02
1.574444e-02
1.516141e-02
1.459998e-02
1.405934e-02
1.353872e-02
1.303739e-02
1.255462e-02
1.208973e-02
1.164206e-02
1.121097e-02
1.079584e-02
1.039609e-02
1.001114e-02
9.640446e-03
9.283480e-03
8.939733e-03
8.608715e-03
8.289954e-03
7.982998e-03
7.687408e-03
7.402764e-03
7.128661e-03
6.864707e-03
6.610527e-03
6.365760e-03
6.130056e-03
5.903079e-03
5.684508e-03
5.474030e-03
5.271345e-03
5.076166e-03
4.888213e-03
4.707221e-03
4.532930e-03
4.365092e-03
4.203470e-03
4.047832e-03
3.897957e-03
3.753631e-03
3.614649e-03
3.480814e-03
3.351934e-03
3.227827e-03
3.108314e-03
2.993228e-03
2.882402e-03
2.775680e-03
2.672910e-03
2.573945e-03
2.478644e-03
2.386872e-03
2.298498e-03
2.213397e-03
2.131447e-03
2.052531e-03
1.976537e-03
1.903357e-03
1.832886e-03
1.765025e-03
1.699677e-03
1.636748e-03
1.576150e-03
1.517795e-03
1.461601e-03
1.407488e-03
1.355378e-03
1.305198e-03
1.256876e-03
1.210343e-03
1.165534e-03
1.122383e-03
1.080830e-03
1.040816e-03
1.002284e-03
9.651779e-04
9.294461e-04
8.950374e-04
8.619028e-04
8.299951e-04
7.992690e-04
7.696805e-04
7.411877e-04
7.137499e-04
6.873281e-04
6.618846e-04
6.373834e-04
6.137893e-04
5.910689e-04
5.691899e-04
5.481210e-04
5.278322e-04
5.082948e-04
4.894808e-04
4.713635e-04
4.539170e-04
4.371166e-04
4.209384e-04
4.053592e-04
3.903569e-04
3.759102e-04
3.619984e-04
3.486018e-04
3.357013e-04
3.232785e-04
3.113157e-04
2.997960e-04
2.887028e-04
2.780205e-04
2.677337e-04
2.578279e-04
2.482890e-04
2.391032e-04
2.302577e-04
2.217398e-04
2.135373e-04
2.056386e-04
1.980324e-04
1.907079e-04
1.836547e-04
1.768627e-04
1.703223e-04
1.640241e-04
1.579591e-04
1.521188e-04
1.464948e-04
1.410792e-04
1.358641e-04
1.308422e-04
1.260063e-04
1.213495e-04
1.168652e-04
1.125471e-04
1.083889e-04
1.043847e-04
1.005289e-04
9.681592e-05
9.324050e-05
8.979753e-05
8.648213e-05
8.328956e-05
8.021528e-05
7.725491e-05
7.440423e-05
7.165918e-05
6.901585e-05
6.647047e-05
6.401943e-05
6.165922e-05
5.938648e-05
5.719798e-05
5.509059e-05
5.306132e-05
5.110727e-05
4.922566e-05
4.741380e-05
4.566911e-05
4.398912e-05
4.237141e-05
4.081369e-05
3.931374e-05
3.786942e-05
3.647866e-05
3.513949e-05
3.384999e-05
3.260833e-05
3.141274e-05
3.026151e-05
2.915300e-05
2.808562e-05
2.705786e-05
2.606825e-05
2.511538e-05
2.419788e-05
2.331445e-05
2.246383e-05
2.164480e-05
2.085619e-05
2.009688e-05
1.936578e-05
1.866185e-05
1.798408e-05
1.733151e-05
1.670319e-05
1.609824e-05
1.551579e-05
1.495501e-05
1.441509e-05
1.389526e-05
1.339477e-05
1.291292e-05
1.244901e-05
1.200238e-05
1.157238e-05
1.115841e-05
1.075986e-05
1.037617e-05
1.000678e-05
9.651174e-06
9.308831e-06
8.979261e-06
8.661993e-06
8.356569e-06
8.062551e-06
7.779515e-06
7.507055e-06
7.244777e-06
6.992305e-06
6.749273e-06
6.515332e-06
6.290144e-06
6.073384e-06
5.864737e-06
5.663903e-06
5.470591e-06
5.284520e-06
5.105422e-06
4.933035e-06
4.767110e-06
4.607406e-06
4.453690e-06
4.305738e-06
4.163335e-06
4.026273e-06
3.894351e-06
3.767377e-06
3.645165e-06
3.527536e-06
3.414317e-06
3.305342e-06
3.200450e-06
3.099488e-06
3.002306e-06
2.908761e-06
2.818714e-06
2.732034e-06
2.648590e-06
2.568260e-06
2.490925e-06
2.416469e-06
2.344782e-06
2.275756e-06
2.209291e-06
2.145285e-06
2.083644e-06
2.024277e-06
1.967093e-06
1.912009e-06
1.858941e-06
1.807811e-06
1.758543e-06
1.711062e-06
1.665299e-06
1.621184e-06
1.578653e-06
1.537643e-06
1.498092e-06
1.459943e-06
1.423139e-06
1.387626e-06
1.353353e-06
1.320268e-06
1.288325e-06
1.257476e-06
1.227678e-06
1.198888e-06
1.171065e-06
1.144170e-06
1.118165e-06
1.093014e-06
1.068681e-06
1.045135e-06
1.022342e-06
1.000272e-06
9.788964e-07
9.581862e-07
9.381146e-07
9.186559e-07
8.997853e-07
8.814791e-07
8.637148e-07
8.464705e-07
8.297256e-07
8.134602e-07
7.976553e-07
7.822929e-07
7.673554e-07
7.528264e-07
7.386901e-07
7.249311e-07
7.115352e-07
6.984884e-07
6.857776e-07
6.733901e-07
6.613139e-07
6.495374e-07
6.380498e-07
6.268404e-07
6.158992e-07
6.052168e-07
5.947838e-07
5.845917e-07
5.746320e-07
5.648968e-07
5.553784e-07
5.460696e-07
5.369635e-07
5.280533e-07
5.193328e-07
5.107958e-07
5.024366e-07
4.942496e-07
4.862295e-07
4.783712e-07
4.706699e-07
4.631208e-07
4.557196e-07
4.484619e-07
4.413437e-07
4.343610e-07
4.275101e-07
4.207874e-07
4.141894e-07
4.077128e-07
4.013544e-07
3.951111e-07
3.889801e-07
3.829584e-07
3.770433e-07
3.712323e-07
3.655228e-07
3.599123e-07
3.543987e-07
3.489794e-07
3.436525e-07
3.384159e-07
3.332674e-07
3.282052e-07
3.232273e-07
3.183319e-07
3.135174e-07
3.087819e-07
3.041238e-07
2.995415e-07
2.950335e-07
2.905983e-07
2.862344e-07
2.819404e-07
2.777149e-07
2.735566e-07
2.694643e-07
2.654366e-07
2.614724e-07
2.575704e-07
2.537296e-07
2.499487e-07
2.462267e-07
2.425625e-07
2.389552e-07
2.354036e-07
2.319068e-07
2.284638e-07
2.250738e-07
2.217357e-07
2.184487e-07
2.152119e-07
2.120245e-07
2.088856e-07
2.057944e-07
2.027501e-07
1.997520e-07
1.967992e-07
1.938910e-07
1.910268e-07
1.882057e-07
1.854271e-07
1.826903e-07
1.799946e-07
1.773393e-07
1.747239e-07
1.721476e-07
1.696099e-07
1.671101e-07
1.646477e-07
1.622220e-07
1.598325e-07
1.574786e-07
1.551598e-07
1.528755e-07
1.506252e-07
1.484083e-07
1.462244e-07
1.440729e-07
1.419533e-07
1.398652e-07
1.378080e-07
1.357813e-07
1.337846e-07
1.318175e-07
1.298795e-07
1.279702e-07
1.260891e-07
1.242358e-07
1.224100e-07
1.206111e-07
1.188387e-07
1.170925e-07
1.153721e-07
1.136771e-07
1.120071e-07
1.103618e-07
1.087406e-07
1.071434e-07
1.055698e-07
1.040193e-07
1.024916e-07
1.009865e-07
9.950355e-08
9.804242e-08
9.660280e-08
9.518438e-08
9.378683e-08
9.240985e-08
9.105313e-08
8.971637e-08
8.839928e-08
8.710156e-08
8.582292e-08
8.456309e-08
8.332178e-08
8.209872e-08
8.089365e-08
7.970628e-08
7.853637e-08
7.738366e-08
7.624788e-08
7.512879e-08
7.402615e-08
7.293971e-08
7.186923e-08
7.081448e-08
6.977522e-08
6.875123e-08
6.774228e-08
6.674815e-08
6.576861e-08
6.480347e-08
6.385250e-08
6.291549e-08
6.199224e-08
6.108255e-08
6.018622e-08
5.930304e-08
5.843284e-08
5.757541e-08
5.673057e-08
5.589813e-08
5.507791e-08
5.426973e-08
5.347342e-08
5.268879e-08
5.191568e-08
5.115392e-08
5.040335e-08
4.966379e-08
4.893508e-08
4.821707e-08
4.750960e-08
4.681251e-08
4.612565e-08
4.544887e-08
4.478202e-08
4.412496e-08
4.347755e-08
4.283963e-08
4.221108e-08
4.159175e-08
4.098151e-08
4.038022e-08
3.978776e-08
3.920399e-08
3.862879e-08
3.806203e-08
3.750359e-08
3.695334e-08
3.641116e-08
3.587694e-08
3.535056e-08
3.483190e-08
3.432086e-08
3.381731e-08
3.332115e-08
3.283227e-08
3.235056e-08
3.187593e-08
3.140825e-08
3.094744e-08
3.049339e-08
3.004600e-08
2.960518e-08
2.917083e-08
2.874284e-08
2.832114e-08
2.790563e-08
2.749621e-08
2.709280e-08
2.669530e-08
2.630364e-08
2.591773e-08
2.553748e-08
2.516280e-08
2.479363e-08
2.442987e-08
2.407145e-08
2.371828e-08
2.337030e-08
2.302743e-08
2.268958e-08
2.235669e-08
2.202869e-08
2.170549e-08
2.138704e-08
2.107327e-08
2.076409e-08
2.045945e-08
2.015928e-08
1.986352e-08
1.957209e-08
1.928494e-08
1.900201e-08
1.872322e-08
1.844853e-08
1.817786e-08
1.791117e-08
1.764839e-08
1.738946e-08
1.713433e-08
1.688295e-08
1.663525e-08
1.639119e-08
1.615071e-08
1.591376e-08
1.568028e-08
1.545023e-08
1.522356e-08
1.500021e-08
1.478013e-08
1.456329e-08
1.434963e-08
1.413910e-08
1.393166e-08
1.372726e-08
1.352586e-08
1.332742e-08
1.313189e-08
1.293923e-08
1.274939e-08
1.256234e-08
1.237804e-08
1.219643e-08
1.201750e-08
1.184118e-08
1.166746e-08
1.149628e-08
1.132762e-08
1.116142e-08
1.099767e-08
1.083632e-08
1.067734e-08
1.052069e-08
1.036634e-08
1.021425e-08
1.006439e-08
9.916734e-09
